51089
51090
51091
51092
51093
51094
51095
51096
51097
51098
51099
51100
51101
51102
51103
51104
51105
51106
51107
51108
51109
51110
51111
51112
51113
51114
51115
51116
51117
51118
51119
51120
51121
51122
51409
51410
51411
51412
51413
51414
51415
51416
51417
51418
51419
51420
51421
51422
51423
51424
51425
51426
51427
51428
51429
51430
51431
51432
51433
51434
51435
51436
51437
51438
51439
51440
51441
51442
51443
51729
51730
51731
51732
51733
51734
51735
51736
51737
51738
51739
51740
51741
51742
51743
51744
51745
51746
51747
51748
51749
51750
51751
51752
51753
51754
51755
51756
51757
51758
51759
51760
51761
51762
51763
52049
52050
52051
52052
52053
52054
52055
52056
52057
52058
52059
52060
52061
52062
52063
52064
52065
52066
52067
52068
52069
52070
52071
52072
52073
52074
52075
52076
52077
52078
52079
52080
52081
52082
52083
52084
52369
52370
52371
52372
52373
52374
52375
52376
52377
52378
52379
52380
52381
52382
52383
52384
52385
52386
52387
52388
52389
52390
52391
52392
52393
52394
52395
52396
52397
52398
52399
52400
52401
52402
52403
52404
52689
52690
52691
52692
52693
52694
52695
52696
52697
52698
52699
52700
52701
52702
52703
52704
52705
52706
52707
52708
52709
52710
52711
52712
52713
52714
52715
52716
52717
52718
52719
52720
52721
52722
52723
52724
53009
53010
53011
53012
53013
53014
53015
53016
53017
53018
53019
53020
53021
53022
53023
53024
53025
53026
53027
53028
53029
53030
53031
53032
53033
53034
53035
53036
53037
53038
53039
53040
53041
53042
53043
53044
53045
53328
53329
53330
53331
53332
53333
53334
53335
53336
53337
53338
53339
53340
53341
53342
53343
53344
53345
53346
53347
53348
53349
53350
53351
53352
53353
53354
53355
53356
53357
53358
53359
53360
53361
53362
53363
53364
53365
53648
53649
53650
53651
53652
53653
53654
53655
53656
53657
53658
53659
53660
53661
53662
53663
53664
53665
53666
53667
53668
53669
53670
53671
53672
53673
53674
53675
53676
53677
53678
53679
53680
53681
53682
53683
53684
53685
53968
53969
53970
53971
53972
53973
53974
53975
53976
53977
53978
53979
53980
53981
53982
53983
53984
53985
53986
53987
53988
53989
53990
53991
53992
53993
53994
53995
53996
53997
53998
53999
54000
54001
54002
54003
54004
54005
54006
54288
54289
54290
54291
54292
54293
54294
54295
54296
54297
54298
54299
54300
54301
54302
54303
54304
54305
54306
54307
54308
54309
54310
54311
54312
54313
54314
54315
54316
54317
54318
54319
54320
54321
54322
54323
54324
54325
54326
54608
54609
54610
54611
54612
54613
54614
54615
54616
54617
54618
54619
54620
54621
54622
54623
54624
54625
54626
54627
54628
54629
54630
54631
54632
54633
54634
54635
54636
54637
54638
54639
54640
54641
54642
54643
54644
54645
54646
54647
54928
54929
54930
54931
54932
54933
54934
54935
54936
54937
54938
54939
54940
54941
54942
54943
54944
54945
54946
54947
54948
54949
54950
54951
54952
54953
54954
54955
54956
54957
54958
54959
54960
54961
54962
54963
54964
54965
54966
54967
55248
55249
55250
55251
55252
55253
55254
55255
55256
55257
55258
55259
55260
55261
55262
55263
55264
55265
55266
55267
55268
55269
55270
55271
55272
55273
55274
55275
55276
55277
55278
55279
55280
55281
55282
55283
55284
55285
55286
55287
55568
55569
55570
55571
55572
55573
55574
55575
55576
55577
55578
55579
55580
55581
55582
55583
55584
55585
55586
55587
55588
55589
55590
55591
55592
55593
55594
55595
55596
55597
55598
55599
55600
55601
55602
55603
55604
55605
55606
55607
55608
55888
55889
55890
55891
55892
55893
55894
55895
55896
55897
55898
55899
55900
55901
55902
55903
55904
55905
55906
55907
55908
55909
55910
55911
55912
55913
55914
55915
55916
55917
55918
55919
55920
55921
55922
55923
55924
55925
55926
55927
55928
56207
56208
56209
56210
56211
56212
56213
56214
56215
56216
56217
56218
56219
56220
56221
56222
56223
56224
56225
56226
56227
56228
56229
56230
56231
56232
56233
56234
56235
56236
56237
56238
56239
56240
56241
56242
56243
56244
56245
56246
56247
56248
56527
56528
56529
56530
56531
56532
56533
56534
56535
56536
56537
56538
56539
56540
56541
56542
56543
56544
56545
56546
56547
56548
56549
56550
56551
56552
56553
56554
56555
56556
56557
56558
56559
56560
56561
56562
56563
56564
56565
56566
56567
56568
56569
56847
56848
56849
56850
56851
56852
56853
56854
56855
56856
56857
56858
56859
56860
56861
56862
56863
56864
56865
56866
56867
56868
56869
56870
56871
56872
56873
56874
56875
56876
56877
56878
56879
56880
56881
56882
56883
56884
56885
56886
56887
56888
56889
57168
57169
57170
57171
57172
57173
57174
57175
57176
57177
57178
57179
57180
57181
57182
57183
57184
57185
57186
57187
57188
57189
57190
57191
57192
57193
57194
57195
57196
57197
57198
57199
57200
57201
57202
57203
57204
57205
57206
57207
57208
57209
57210
57488
57489
57490
57491
57492
57493
57494
57495
57496
57497
57498
57499
57500
57501
57502
57503
57504
57505
57506
57507
57508
57509
57510
57511
57512
57513
57514
57515
57516
57517
57518
57519
57520
57521
57522
57523
57524
57525
57526
57527
57528
57529
57530
57808
57809
57810
57811
57812
57813
57814
57815
57816
57817
57818
57819
57820
57821
57822
57823
57824
57825
57826
57827
57828
57829
57830
57831
57832
57833
57834
57835
57836
57837
57838
57839
57840
57841
57842
57843
57844
57845
57846
57847
57848
57849
57850
58128
58129
58130
58131
58132
58133
58134
58135
58136
58137
58138
58139
58140
58141
58142
58143
58144
58145
58146
58147
58148
58149
58150
58151
58152
58153
58154
58155
58156
58157
58158
58159
58160
58161
58162
58163
58164
58165
58166
58167
58168
58169
58170
58171
58448
58449
58450
58451
58452
58453
58454
58455
58456
58457
58458
58459
58460
58461
58462
58463
58464
58465
58466
58467
58468
58469
58470
58471
58472
58473
58474
58475
58476
58477
58478
58479
58480
58481
58482
58483
58484
58485
58486
58487
58488
58489
58490
58491
58768
58769
58770
58771
58772
58773
58774
58775
58776
58777
58778
58779
58780
58781
58782
58783
58784
58785
58786
58787
58788
58789
58790
58791
58792
58793
58794
58795
58796
58797
58798
58799
58800
58801
58802
58803
58804
58805
58806
58807
58808
58809
58810
58811
59089
59090
59091
59092
59093
59094
59095
59096
59097
59098
59099
59100
59101
59102
59103
59104
59105
59106
59107
59108
59109
59110
59111
59112
59113
59114
59115
59116
59117
59118
59119
59120
59121
59122
59123
59124
59125
59126
59127
59128
59129
59130
59131
59409
59410
59411
59412
59413
59414
59415
59416
59417
59418
59419
59420
59421
59422
59423
59424
59425
59426
59427
59428
59429
59430
59431
59432
59433
59434
59435
59436
59437
59438
59439
59440
59441
59442
59443
59444
59445
59446
59447
59448
59449
59450
59729
59730
59731
59732
59733
59734
59735
59736
59737
59738
59739
59740
59741
59742
59743
59744
59745
59746
59747
59748
59749
59750
59751
59752
59753
59754
59755
59756
59757
59758
59759
59760
59761
59762
59763
59764
59765
59766
59767
59768
59769
59770
60049
60050
60051
60052
60053
60054
60055
60056
60057
60058
60059
60060
60061
60062
60063
60064
60065
60066
60067
60068
60069
60070
60071
60072
60073
60074
60075
60076
60077
60078
60079
60080
60081
60082
60083
60084
60085
60086
60087
60088
60089
60090
60369
60370
60371
60372
60373
60374
60375
60376
60377
60378
60379
60380
60381
60382
60383
60384
60385
60386
60387
60388
60389
60390
60391
60392
60393
60394
60395
60396
60397
60398
60399
60400
60401
60402
60403
60404
60405
60406
60407
60408
60409
60410
60690
60691
60692
60693
60694
60695
60696
60697
60698
60699
60700
60701
60702
60703
60704
60705
60706
60707
60708
60709
60710
60711
60712
60713
60714
60715
60716
60717
60718
60719
60720
60721
60722
60723
60724
60725
60726
60727
60728
60729
61010
61011
61012
61013
61014
61015
61016
61017
61018
61019
61020
61021
61022
61023
61024
61025
61026
61027
61028
61029
61030
61031
61032
61033
61034
61035
61036
61037
61038
61039
61040
61041
61042
61043
61044
61045
61046
61047
61048
61049
61330
61331
61332
61333
61334
61335
61336
61337
61338
61339
61340
61341
61342
61343
61344
61345
61346
61347
61348
61349
61350
61351
61352
61353
61354
61355
61356
61357
61358
61359
61360
61361
61362
61363
61364
61365
61366
61367
61368
61369
61650
61651
61652
61653
61654
61655
61656
61657
61658
61659
61660
61661
61662
61663
61664
61665
61666
61667
61668
61669
61670
61671
61672
61673
61674
61675
61676
61677
61678
61679
61680
61681
61682
61683
61684
61685
61686
61687
61688
61689
61970
61971
61972
61973
61974
61975
61976
61977
61978
61979
61980
61981
61982
61983
61984
61985
61986
61987
61988
61989
61990
61991
61992
61993
61994
61995
61996
61997
61998
61999
62000
62001
62002
62003
62004
62005
62006
62007
62008
62009
62290
62291
62292
62293
62294
62295
62296
62297
62298
62299
62300
62301
62302
62303
62304
62305
62306
62307
62308
62309
62310
62311
62312
62313
62314
62315
62316
62317
62318
62319
62320
62321
62322
62323
62324
62325
62326
62327
62328
62611
62612
62613
62614
62615
62616
62617
62618
62619
62620
62621
62622
62623
62624
62625
62626
62627
62628
62629
62630
62631
62632
62633
62634
62635
62636
62637
62638
62639
62640
62641
62642
62643
62644
62645
62646
62647
62648
62931
62932
62933
62934
62935
62936
62937
62938
62939
62940
62941
62942
62943
62944
62945
62946
62947
62948
62949
62950
62951
62952
62953
62954
62955
62956
62957
62958
62959
62960
62961
62962
62963
62964
62965
62966
62967
62968
63251
63252
63253
63254
63255
63256
63257
63258
63259
63260
63261
63262
63263
63264
63265
63266
63267
63268
63269
63270
63271
63272
63273
63274
63275
63276
63277
63278
63279
63280
63281
63282
63283
63284
63285
63286
63287
63288
63571
63572
63573
63574
63575
63576
63577
63578
63579
63580
63581
63582
63583
63584
63585
63586
63587
63588
63589
63590
63591
63592
63593
63594
63595
63596
63597
63598
63599
63600
63601
63602
63603
63604
63605
63606
63607
63608
63891
63892
63893
63894
63895
63896
63897
63898
63899
63900
63901
63902
63903
63904
63905
63906
63907
63908
63909
63910
63911
63912
63913
63914
63915
63916
63917
63918
63919
63920
63921
63922
63923
63924
63925
63926
63927
64212
64213
64214
64215
64216
64217
64218
64219
64220
64221
64222
64223
64224
64225
64226
64227
64228
64229
64230
64231
64232
64233
64234
64235
64236
64237
64238
64239
64240
64241
64242
64243
64244
64245
64246
64247
64532
64533
64534
64535
64536
64537
64538
64539
64540
64541
64542
64543
64544
64545
64546
64547
64548
64549
64550
64551
64552
64553
64554
64555
64556
64557
64558
64559
64560
64561
64562
64563
64564
64565
64566
64567
112565
112566
112567
112568
112569
112570
112882
112883
112884
112885
112886
112887
112888
112889
112890
112891
112892
113199
113200
113201
113202
113203
113204
113205
113206
113207
113208
113209
113210
113211
113212
113213
113516
113517
113518
113519
113520
113521
113522
113523
113524
113525
113526
113527
113528
113529
113530
113531
113532
113533
113534
113535
113832
113833
113834
113835
113836
113837
113838
113839
113840
113841
113842
113843
113844
113845
113846
113847
113848
113849
113850
113851
113852
113853
113854
113855
113856
113857
114149
114150
114151
114152
114153
114154
114155
114156
114157
114158
114159
114160
114161
114162
114163
114164
114165
114166
114167
114168
114169
114170
114171
114172
114173
114174
114175
114176
114177
114178
114179
114469
114470
114471
114472
114473
114474
114475
114476
114477
114478
114479
114480
114481
114482
114483
114484
114485
114486
114487
114488
114489
114490
114491
114492
114493
114494
114495
114496
114497
114498
114499
114500
114789
114790
114791
114792
114793
114794
114795
114796
114797
114798
114799
114800
114801
114802
114803
114804
114805
114806
114807
114808
114809
114810
114811
114812
114813
114814
114815
114816
114817
114818
114819
114820
114821
114822
115109
115110
115111
115112
115113
115114
115115
115116
115117
115118
115119
115120
115121
115122
115123
115124
115125
115126
115127
115128
115129
115130
115131
115132
115133
115134
115135
115136
115137
115138
115139
115140
115141
115142
115143
115144
115428
115429
115430
115431
115432
115433
115434
115435
115436
115437
115438
115439
115440
115441
115442
115443
115444
115445
115446
115447
115448
115449
115450
115451
115452
115453
115454
115455
115456
115457
115458
115459
115460
115461
115462
115463
115464
115465
115466
115748
115749
115750
115751
115752
115753
115754
115755
115756
115757
115758
115759
115760
115761
115762
115763
115764
115765
115766
115767
115768
115769
115770
115771
115772
115773
115774
115775
115776
115777
115778
115779
115780
115781
115782
115783
115784
115785
115786
115787
116068
116069
116070
116071
116072
116073
116074
116075
116076
116077
116078
116079
116080
116081
116082
116083
116084
116085
116086
116087
116088
116089
116090
116091
116092
116093
116094
116095
116096
116097
116098
116099
116100
116101
116102
116103
116104
116105
116106
116107
116108
116388
116389
116390
116391
116392
116393
116394
116395
116396
116397
116398
116399
116400
116401
116402
116403
116404
116405
116406
116407
116408
116409
116410
116411
116412
116413
116414
116415
116416
116417
116418
116419
116420
116421
116422
116423
116424
116425
116426
116427
116428
116708
116709
116710
116711
116712
116713
116714
116715
116716
116717
116718
116719
116720
116721
116722
116723
116724
116725
116726
116727
116728
116729
116730
116731
116732
116733
116734
116735
116736
116737
116738
116739
116740
116741
116742
116743
116744
116745
116746
116747
117028
117029
117030
117031
117032
117033
117034
117035
117036
117037
117038
117039
117040
117041
117042
117043
117044
117045
117046
117047
117048
117049
117050
117051
117052
117053
117054
117055
117056
117057
117058
117059
117060
117061
117062
117063
117064
117065
117066
117067
117348
117349
117350
117351
117352
117353
117354
117355
117356
117357
117358
117359
117360
117361
117362
117363
117364
117365
117366
117367
117368
117369
117370
117371
117372
117373
117374
117375
117376
117377
117378
117379
117380
117381
117382
117383
117384
117385
117386
117387
117667
117668
117669
117670
117671
117672
117673
117674
117675
117676
117677
117678
117679
117680
117681
117682
117683
117684
117685
117686
117687
117688
117689
117690
117691
117692
117693
117694
117695
117696
117697
117698
117699
117700
117701
117702
117703
117704
117705
117706
117707
117987
117988
117989
117990
117991
117992
117993
117994
117995
117996
117997
117998
117999
118000
118001
118002
118003
118004
118005
118006
118007
118008
118009
118010
118011
118012
118013
118014
118015
118016
118017
118018
118019
118020
118021
118022
118023
118024
118025
118026
118307
118308
118309
118310
118311
118312
118313
118314
118315
118316
118317
118318
118319
118320
118321
118322
118323
118324
118325
118326
118327
118328
118329
118330
118331
118332
118333
118334
118335
118336
118337
118338
118339
118340
118341
118342
118343
118344
118345
118346
118627
118628
118629
118630
118631
118632
118633
118634
118635
118636
118637
118638
118639
118640
118641
118642
118643
118644
118645
118646
118647
118648
118649
118650
118651
118652
118653
118654
118655
118656
118657
118658
118659
118660
118661
118662
118663
118664
118665
118666
118947
118948
118949
118950
118951
118952
118953
118954
118955
118956
118957
118958
118959
118960
118961
118962
118963
118964
118965
118966
118967
118968
118969
118970
118971
118972
118973
118974
118975
118976
118977
118978
118979
118980
118981
118982
118983
118984
118985
118986
119267
119268
119269
119270
119271
119272
119273
119274
119275
119276
119277
119278
119279
119280
119281
119282
119283
119284
119285
119286
119287
119288
119289
119290
119291
119292
119293
119294
119295
119296
119297
119298
119299
119300
119301
119302
119303
119304
119305
119306
119587
119588
119589
119590
119591
119592
119593
119594
119595
119596
119597
119598
119599
119600
119601
119602
119603
119604
119605
119606
119607
119608
119609
119610
119611
119612
119613
119614
119615
119616
119617
119618
119619
119620
119621
119622
119623
119624
119625
119909
119910
119911
119912
119913
119914
119915
119916
119917
119918
119919
119920
119921
119922
119923
119924
119925
119926
119927
119928
119929
119930
119931
119932
119933
119934
119935
119936
119937
119938
119939
119940
119941
119942
119943
119944
119945
120230
120231
120232
120233
120234
120235
120236
120237
120238
120239
120240
120241
120242
120243
120244
120245
120246
120247
120248
120249
120250
120251
120252
120253
120254
120255
120256
120257
120258
120259
120260
120261
120262
120263
120264
120265
120551
120552
120553
120554
120555
120556
120557
120558
120559
120560
120561
120562
120563
120564
120565
120566
120567
120568
120569
120570
120571
120572
120573
120574
120575
120576
120577
120578
120579
120580
120581
120582
120583
120584
120585
120873
120874
120875
120876
120877
120878
120879
120880
120881
120882
120883
120884
120885
120886
120887
120888
120889
120890
120891
120892
120893
120894
120895
120896
120897
120898
120899
120900
120901
120902
120903
120904
121194
121195
121196
121197
121198
121199
121200
121201
121202
121203
121204
121205
121206
121207
121208
121209
121210
121211
121212
121213
121214
121215
121216
121217
121218
121219
121220
121221
121222
121223
121224
121516
121517
121518
121519
121520
121521
121522
121523
121524
121525
121526
121527
121528
121529
121530
121531
121532
121533
121534
121535
121536
121537
121538
121539
121540
121541
121542
121543
121837
121838
121839
121840
121841
121842
121843
121844
121845
121846
121847
121848
121849
121850
121851
121852
121853
121854
121855
121856
121857
121858
121859
121860
122158
122159
122160
122161
122162
122163
122164
122165
122166
122167
122168
122169
122170
122171
122172
122173
122174
122175
122176
122177
122480
122481
122482
122483
122484
122485
122486
122487
122488
122489
122490
122491
122492
122493
122494
122495
122801
122802
122803
122804
122805
122806
122807
122808
122809
122810
122811
122812
123122
123123
123124
123125
123126
123127
123128
123129
123444
123445
123446
198238
198239
198240
198241
198557
198558
198559
198560
198561
198562
198563
198564
198565
198876
198877
198878
198879
198880
198881
198882
198883
198884
198885
198886
198887
198888
199194
199195
199196
199197
199198
199199
199200
199201
199202
199203
199204
199205
199206
199207
199208
199209
199210
199211
199513
199514
199515
199516
199517
199518
199519
199520
199521
199522
199523
199524
199525
199526
199527
199528
199529
199530
199531
199532
199533
199534
199832
199833
199834
199835
199836
199837
199838
199839
199840
199841
199842
199843
199844
199845
199846
199847
199848
199849
199850
199851
199852
199853
199854
199855
199856
199857
200151
200152
200153
200154
200155
200156
200157
200158
200159
200160
200161
200162
200163
200164
200165
200166
200167
200168
200169
200170
200171
200172
200173
200174
200175
200176
200177
200178
200179
200180
200470
200471
200472
200473
200474
200475
200476
200477
200478
200479
200480
200481
200482
200483
200484
200485
200486
200487
200488
200489
200490
200491
200492
200493
200494
200495
200496
200497
200498
200499
200500
200501
200502
200503
200789
200790
200791
200792
200793
200794
200795
200796
200797
200798
200799
200800
200801
200802
200803
200804
200805
200806
200807
200808
200809
200810
200811
200812
200813
200814
200815
200816
200817
200818
200819
200820
200821
200822
200823
200824
200825
201108
201109
201110
201111
201112
201113
201114
201115
201116
201117
201118
201119
201120
201121
201122
201123
201124
201125
201126
201127
201128
201129
201130
201131
201132
201133
201134
201135
201136
201137
201138
201139
201140
201141
201142
201143
201144
201145
201427
201428
201429
201430
201431
201432
201433
201434
201435
201436
201437
201438
201439
201440
201441
201442
201443
201444
201445
201446
201447
201448
201449
201450
201451
201452
201453
201454
201455
201456
201457
201458
201459
201460
201461
201462
201463
201464
201465
201746
201747
201748
201749
201750
201751
201752
201753
201754
201755
201756
201757
201758
201759
201760
201761
201762
201763
201764
201765
201766
201767
201768
201769
201770
201771
201772
201773
201774
201775
201776
201777
201778
201779
201780
201781
201782
201783
201784
201785
202065
202066
202067
202068
202069
202070
202071
202072
202073
202074
202075
202076
202077
202078
202079
202080
202081
202082
202083
202084
202085
202086
202087
202088
202089
202090
202091
202092
202093
202094
202095
202096
202097
202098
202099
202100
202101
202102
202103
202104
202105
202384
202385
202386
202387
202388
202389
202390
202391
202392
202393
202394
202395
202396
202397
202398
202399
202400
202401
202402
202403
202404
202405
202406
202407
202408
202409
202410
202411
202412
202413
202414
202415
202416
202417
202418
202419
202420
202421
202422
202423
202424
202425
202703
202704
202705
202706
202707
202708
202709
202710
202711
202712
202713
202714
202715
202716
202717
202718
202719
202720
202721
202722
202723
202724
202725
202726
202727
202728
202729
202730
202731
202732
202733
202734
202735
202736
202737
202738
202739
202740
202741
202742
202743
202744
202745
203022
203023
203024
203025
203026
203027
203028
203029
203030
203031
203032
203033
203034
203035
203036
203037
203038
203039
203040
203041
203042
203043
203044
203045
203046
203047
203048
203049
203050
203051
203052
203053
203054
203055
203056
203057
203058
203059
203060
203061
203062
203063
203064
203065
203342
203343
203344
203345
203346
203347
203348
203349
203350
203351
203352
203353
203354
203355
203356
203357
203358
203359
203360
203361
203362
203363
203364
203365
203366
203367
203368
203369
203370
203371
203372
203373
203374
203375
203376
203377
203378
203379
203380
203381
203382
203383
203384
203385
203662
203663
203664
203665
203666
203667
203668
203669
203670
203671
203672
203673
203674
203675
203676
203677
203678
203679
203680
203681
203682
203683
203684
203685
203686
203687
203688
203689
203690
203691
203692
203693
203694
203695
203696
203697
203698
203699
203700
203701
203702
203703
203704
203705
203982
203983
203984
203985
203986
203987
203988
203989
203990
203991
203992
203993
203994
203995
203996
203997
203998
203999
204000
204001
204002
204003
204004
204005
204006
204007
204008
204009
204010
204011
204012
204013
204014
204015
204016
204017
204018
204019
204020
204021
204022
204023
204024
204025
204302
204303
204304
204305
204306
204307
204308
204309
204310
204311
204312
204313
204314
204315
204316
204317
204318
204319
204320
204321
204322
204323
204324
204325
204326
204327
204328
204329
204330
204331
204332
204333
204334
204335
204336
204337
204338
204339
204340
204341
204342
204343
204344
204345
204622
204623
204624
204625
204626
204627
204628
204629
204630
204631
204632
204633
204634
204635
204636
204637
204638
204639
204640
204641
204642
204643
204644
204645
204646
204647
204648
204649
204650
204651
204652
204653
204654
204655
204656
204657
204658
204659
204660
204661
204662
204663
204664
204665
204942
204943
204944
204945
204946
204947
204948
204949
204950
204951
204952
204953
204954
204955
204956
204957
204958
204959
204960
204961
204962
204963
204964
204965
204966
204967
204968
204969
204970
204971
204972
204973
204974
204975
204976
204977
204978
204979
204980
204981
204982
204983
204984
204985
205262
205263
205264
205265
205266
205267
205268
205269
205270
205271
205272
205273
205274
205275
205276
205277
205278
205279
205280
205281
205282
205283
205284
205285
205286
205287
205288
205289
205290
205291
205292
205293
205294
205295
205296
205297
205298
205299
205300
205301
205302
205303
205304
205305
205582
205583
205584
205585
205586
205587
205588
205589
205590
205591
205592
205593
205594
205595
205596
205597
205598
205599
205600
205601
205602
205603
205604
205605
205606
205607
205608
205609
205610
205611
205612
205613
205614
205615
205616
205617
205618
205619
205620
205621
205622
205623
205624
205625
205902
205903
205904
205905
205906
205907
205908
205909
205910
205911
205912
205913
205914
205915
205916
205917
205918
205919
205920
205921
205922
205923
205924
205925
205926
205927
205928
205929
205930
205931
205932
205933
205934
205935
205936
205937
205938
205939
205940
205941
205942
205943
205944
206222
206223
206224
206225
206226
206227
206228
206229
206230
206231
206232
206233
206234
206235
206236
206237
206238
206239
206240
206241
206242
206243
206244
206245
206246
206247
206248
206249
206250
206251
206252
206253
206254
206255
206256
206257
206258
206259
206260
206261
206262
206263
206264
206542
206543
206544
206545
206546
206547
206548
206549
206550
206551
206552
206553
206554
206555
206556
206557
206558
206559
206560
206561
206562
206563
206564
206565
206566
206567
206568
206569
206570
206571
206572
206573
206574
206575
206576
206577
206578
206579
206580
206581
206582
206583
206584
206862
206863
206864
206865
206866
206867
206868
206869
206870
206871
206872
206873
206874
206875
206876
206877
206878
206879
206880
206881
206882
206883
206884
206885
206886
206887
206888
206889
206890
206891
206892
206893
206894
206895
206896
206897
206898
206899
206900
206901
206902
206903
206904
207183
207184
207185
207186
207187
207188
207189
207190
207191
207192
207193
207194
207195
207196
207197
207198
207199
207200
207201
207202
207203
207204
207205
207206
207207
207208
207209
207210
207211
207212
207213
207214
207215
207216
207217
207218
207219
207220
207221
207222
207223
207503
207504
207505
207506
207507
207508
207509
207510
207511
207512
207513
207514
207515
207516
207517
207518
207519
207520
207521
207522
207523
207524
207525
207526
207527
207528
207529
207530
207531
207532
207533
207534
207535
207536
207537
207538
207539
207540
207541
207542
207823
207824
207825
207826
207827
207828
207829
207830
207831
207832
207833
207834
207835
207836
207837
207838
207839
207840
207841
207842
207843
207844
207845
207846
207847
207848
207849
207850
207851
207852
207853
207854
207855
207856
207857
207858
207859
207860
207861
208143
208144
208145
208146
208147
208148
208149
208150
208151
208152
208153
208154
208155
208156
208157
208158
208159
208160
208161
208162
208163
208164
208165
208166
208167
208168
208169
208170
208171
208172
208173
208174
208175
208176
208177
208178
208179
208180
208463
208464
208465
208466
208467
208468
208469
208470
208471
208472
208473
208474
208475
208476
208477
208478
208479
208480
208481
208482
208483
208484
208485
208486
208487
208488
208489
208490
208491
208492
208493
208494
208495
208496
208497
208498
208499
208500
208783
208784
208785
208786
208787
208788
208789
208790
208791
208792
208793
208794
208795
208796
208797
208798
208799
208800
208801
208802
208803
208804
208805
208806
208807
208808
208809
208810
208811
208812
208813
208814
208815
208816
208817
208818
208819
209104
209105
209106
209107
209108
209109
209110
209111
209112
209113
209114
209115
209116
209117
209118
209119
209120
209121
209122
209123
209124
209125
209126
209127
209128
209129
209130
209131
209132
209133
209134
209135
209136
209137
209138
209427
209428
209429
209430
209431
209432
209433
209434
209435
209436
209437
209438
209439
209440
209441
209442
209443
209444
209445
209446
209447
209448
209449
209450
209451
209452
209453
209454
209455
209456
209457
209749
209750
209751
209752
209753
209754
209755
209756
209757
209758
209759
209760
209761
209762
209763
209764
209765
209766
209767
209768
209769
209770
209771
209772
209773
209774
209775
209776
210072
210073
210074
210075
210076
210077
210078
210079
210080
210081
210082
210083
210084
210085
210086
210087
210088
210089
210090
210091
210092
210093
210094
210095
210096
210394
210395
210396
210397
210398
210399
210400
210401
210402
210403
210404
210405
210406
210407
210408
210409
210410
210411
210412
210413
210414
210415
210717
210718
210719
210720
210721
210722
210723
210724
210725
210726
210727
210728
210729
210730
210731
210732
210733
210734
211039
211040
211041
211042
211043
211044
211045
211046
211047
211048
211049
211050
211051
211052
211053
211362
211363
211364
211365
211366
211367
211368
211369
211370
211371
211372
211684
211685
211686
211687
211688
211689
211690
211691
211692
212007
212008
212009
212010
212011
212329
212330
